#Pos	A	C	G	T	N
0	0.17793	0.34689	0.27007	0.19862	0.00650
1	0.22039	0.23585	0.33228	0.21148	0.00000
2	0.19678	0.31435	0.26766	0.22113	0.00008
3	0.17893	0.33231	0.29437	0.19438	0.00000
4	0.18730	0.29824	0.31244	0.20200	0.00001
5	0.18802	0.32133	0.30193	0.18872	0.00000
6	0.18575	0.29836	0.32888	0.18702	0.00000
7	0.19147	0.31307	0.29667	0.19878	0.00001
8	0.18234	0.31494	0.30201	0.20071	0.00000
9	0.18413	0.31534	0.31403	0.18650	0.00000
10	0.19019	0.30989	0.31003	0.18986	0.00003
11	0.18778	0.31465	0.30709	0.19048	0.00000
12	0.18624	0.31496	0.31292	0.18588	0.00001
13	0.19252	0.30784	0.30993	0.18972	0.00000
14	0.18945	0.31343	0.30659	0.19053	0.00000
15	0.18618	0.31476	0.31290	0.18616	0.00000
16	0.19141	0.30859	0.31011	0.18989	0.00000
17	0.18813	0.31451	0.30716	0.19019	0.00001
18	0.18542	0.31511	0.31356	0.18591	0.00000
19	0.19056	0.30914	0.31069	0.18961	0.00000
20	0.18727	0.31493	0.30754	0.19025	0.00000
21	0.18499	0.31580	0.31347	0.18575	0.00000
22	0.19027	0.30959	0.31075	0.18937	0.00001
23	0.18723	0.31457	0.30814	0.19006	0.00000
24	0.18480	0.31589	0.31381	0.18548	0.00003
25	0.19004	0.30931	0.31132	0.18930	0.00003
26	0.18715	0.31444	0.30857	0.18982	0.00001
27	0.18479	0.31577	0.31433	0.18510	0.00002
28	0.18996	0.30958	0.31160	0.18885	0.00000
29	0.18685	0.31447	0.30917	0.18951	0.00000
30	0.18473	0.31573	0.31456	0.18495	0.00003
31	0.18983	0.30948	0.31191	0.18876	0.00002
32	0.18690	0.31468	0.30916	0.18925	0.00001
33	0.18446	0.31584	0.31479	0.18490	0.00001
34	0.18970	0.30977	0.31197	0.18856	0.00001
35	0.18676	0.31467	0.30943	0.18913	0.00000
36	0.18443	0.31588	0.31494	0.18475	0.00001
37	0.18953	0.30983	0.31224	0.18839	0.00001
38	0.18676	0.31467	0.30969	0.18888	0.00000
39	0.18430	0.31598	0.31528	0.18445	0.00000
40	0.18946	0.31005	0.31244	0.18805	0.00000
41	0.18659	0.31485	0.30979	0.18876	0.00001
42	0.18422	0.31622	0.31519	0.18437	0.00000
43	0.18961	0.30992	0.31233	0.18814	0.00000
44	0.18660	0.31484	0.30985	0.18870	0.00001
45	0.18428	0.31605	0.31518	0.18445	0.00005
46	0.18937	0.31009	0.31239	0.18815	0.00000
47	0.18650	0.31484	0.30991	0.18873	0.00002
48	0.18423	0.31603	0.31535	0.18439	0.00000
49	0.18931	0.31027	0.31255	0.18787	0.00001
50	0.18657	0.31484	0.31013	0.18845	0.00000
51	0.18424	0.31610	0.31542	0.18424	0.00000
52	0.18937	0.31018	0.31257	0.18788	0.00000
53	0.18661	0.31500	0.30993	0.18846	0.00000
54	0.18428	0.31612	0.31535	0.18425	0.00000
55	0.18930	0.31024	0.31253	0.18794	0.00000
56	0.18672	0.31481	0.30998	0.18849	0.00000
57	0.18441	0.31605	0.31527	0.18428	0.00000
58	0.18946	0.31020	0.31238	0.18796	0.00000
59	0.18670	0.31487	0.30999	0.18843	0.00000
60	0.18434	0.31609	0.31532	0.18425	0.00000
61	0.18930	0.31021	0.31265	0.18784	0.00001
62	0.18667	0.31486	0.30997	0.18850	0.00000
63	0.18448	0.31602	0.31526	0.18424	0.00000
64	0.18943	0.31028	0.31246	0.18783	0.00000
65	0.18673	0.31487	0.30993	0.18846	0.00001
66	0.18442	0.31599	0.31525	0.18433	0.00001
67	0.18943	0.31025	0.31244	0.18787	0.00000
68	0.18683	0.31487	0.30985	0.18844	0.00001
69	0.18449	0.31597	0.31523	0.18431	0.00000
70	0.18945	0.31019	0.31250	0.18786	0.00000
71	0.18663	0.31500	0.30991	0.18846	0.00000
72	0.18451	0.31610	0.31516	0.18422	0.00001
73	0.18954	0.31020	0.31241	0.18784	0.00001
74	0.18679	0.31478	0.30989	0.18854	0.00001
75	0.18454	0.31592	0.31512	0.18441	0.00000
76	0.18933	0.31018	0.31257	0.18792	0.00001
77	0.18668	0.31478	0.31011	0.18842	0.00001
78	0.18452	0.31597	0.31515	0.18437	0.00000
79	0.18937	0.31020	0.31248	0.18794	0.00000
80	0.18663	0.31481	0.31010	0.18845	0.00000
81	0.18447	0.31589	0.31525	0.18438	0.00000
82	0.18941	0.31016	0.31251	0.18789	0.00003
83	0.18667	0.31485	0.30998	0.18849	0.00000
84	0.18457	0.31579	0.31518	0.18445	0.00000
85	0.18951	0.31013	0.31246	0.18790	0.00000
86	0.18678	0.31474	0.30993	0.18855	0.00000
87	0.18456	0.31574	0.31520	0.18450	0.00000
88	0.18938	0.31029	0.31234	0.18800	0.00000
89	0.18674	0.31472	0.30996	0.18855	0.00003
90	0.18448	0.31594	0.31512	0.18445	0.00001
91	0.18938	0.31022	0.31248	0.18792	0.00000
92	0.18677	0.31472	0.31007	0.18845	0.00000
93	0.18462	0.31579	0.31516	0.18443	0.00000
94	0.18950	0.31014	0.31235	0.18801	0.00000
95	0.18687	0.31461	0.30999	0.18852	0.00001
96	0.18466	0.31574	0.31506	0.18454	0.00000
97	0.18951	0.31015	0.31241	0.18793	0.00000
98	0.18684	0.31463	0.31001	0.18853	0.00000
99	0.18473	0.31569	0.31511	0.18447	0.00000
100	0.18943	0.31023	0.31237	0.18797	0.00001
101	0.18681	0.31473	0.30991	0.18849	0.00006
102	0.18467	0.31577	0.31502	0.18454	0.00000
103	0.18948	0.31016	0.31233	0.18801	0.00001
104	0.18692	0.31463	0.30990	0.18855	0.00000
105	0.18479	0.31569	0.31502	0.18450	0.00000
106	0.18955	0.31011	0.31236	0.18794	0.00003
107	0.18698	0.31457	0.30987	0.18853	0.00005
108	0.18483	0.31566	0.31492	0.18457	0.00003
109	0.18958	0.31019	0.31235	0.18789	0.00000
110	0.18697	0.31463	0.30988	0.18848	0.00004
111	0.18483	0.31568	0.31499	0.18450	0.00000
112	0.18941	0.31030	0.31230	0.18799	0.00000
113	0.18707	0.31448	0.30994	0.18848	0.00004
114	0.18485	0.31571	0.31490	0.18454	0.00000
115	0.18958	0.31019	0.31229	0.18794	0.00000
116	0.18702	0.31452	0.30992	0.18853	0.00000
117	0.18493	0.31568	0.31483	0.18453	0.00003
118	0.18963	0.31012	0.31230	0.18795	0.00000
119	0.18727	0.31431	0.30979	0.18864	0.00000
120	0.18496	0.31558	0.31488	0.18457	0.00001
121	0.18968	0.31021	0.31217	0.18794	0.00000
122	0.18702	0.31450	0.30993	0.18855	0.00000
123	0.18487	0.31564	0.31483	0.18463	0.00003
124	0.18956	0.31024	0.31217	0.18803	0.00000
125	0.18703	0.31455	0.30992	0.18850	0.00000
126	0.18496	0.31572	0.31471	0.18461	0.00000
127	0.18961	0.31026	0.31215	0.18799	0.00000
128	0.18717	0.31443	0.30986	0.18852	0.00000
129	0.18505	0.31547	0.31478	0.18463	0.00007
130	0.18970	0.31023	0.31210	0.18796	0.00002
131	0.18709	0.31451	0.30983	0.18857	0.00001
132	0.18508	0.31560	0.31470	0.18463	0.00000
133	0.18961	0.31031	0.31214	0.18794	0.00001
134	0.18719	0.31447	0.30992	0.18841	0.00000
135	0.18517	0.31550	0.31468	0.18466	0.00000
136	0.18974	0.31031	0.31199	0.18795	0.00001
137	0.18726	0.31439	0.30982	0.18846	0.00007
138	0.18520	0.31551	0.31456	0.18474	0.00000
139	0.19007	0.31017	0.31188	0.18787	0.00001
140	0.18727	0.31443	0.30979	0.18850	0.00000
141	0.18542	0.31541	0.31453	0.18464	0.00000
142	0.18999	0.31001	0.31213	0.18786	0.00000
143	0.18777	0.31411	0.30988	0.18824	0.00000
144	0.18566	0.31516	0.31437	0.18481	0.00000
145	0.19007	0.31010	0.31182	0.18800	0.00000
146	0.18753	0.31429	0.30979	0.18839	0.00000
147	0.18546	0.31514	0.31471	0.18468	0.00000
148	0.19019	0.30987	0.31205	0.18785	0.00004
149	0.18799	0.31391	0.30975	0.18833	0.00002
150	0.18282	0.33967	0.27136	0.19562	0.01053
151	0.22697	0.23210	0.33630	0.20457	0.00006
152	0.20077	0.31407	0.27126	0.21387	0.00003
153	0.18111	0.33002	0.29854	0.18980	0.00053
154	0.18931	0.29927	0.31159	0.19983	0.00000
155	0.18827	0.32093	0.30326	0.18753	0.00000
156	0.18572	0.29878	0.32809	0.18727	0.00013
157	0.19144	0.31208	0.29664	0.19980	0.00003
158	0.18258	0.31425	0.30312	0.20005	0.00000
159	0.18496	0.31365	0.31427	0.18706	0.00006
160	0.19071	0.30847	0.30968	0.19114	0.00000
161	0.18784	0.31330	0.30744	0.19143	0.00000
162	0.18702	0.31275	0.31277	0.18739	0.00008
163	0.19311	0.30636	0.30924	0.19129	0.00000
164	0.18942	0.31211	0.30670	0.19177	0.00001
165	0.18667	0.31291	0.31265	0.18766	0.00011
166	0.19172	0.30720	0.30950	0.19158	0.00000
167	0.18794	0.31324	0.30729	0.19151	0.00001
168	0.18575	0.31356	0.31323	0.18746	0.00000
169	0.19136	0.30727	0.31000	0.19137	0.00000
170	0.18846	0.31363	0.30711	0.19079	0.00000
171	0.18572	0.31407	0.31336	0.18683	0.00001
172	0.19116	0.30795	0.31038	0.19048	0.00003
173	0.18759	0.31377	0.30821	0.19042	0.00001
174	0.18554	0.31430	0.31370	0.18646	0.00000
175	0.19067	0.30837	0.31067	0.19021	0.00008
176	0.18767	0.31388	0.30838	0.19007	0.00000
177	0.18539	0.31440	0.31417	0.18604	0.00000
178	0.19043	0.30859	0.31103	0.18995	0.00000
179	0.18705	0.31402	0.30911	0.18982	0.00000
180	0.18529	0.31452	0.31440	0.18579	0.00000
181	0.19038	0.30870	0.31125	0.18968	0.00000
182	0.18703	0.31417	0.30922	0.18958	0.00000
183	0.18521	0.31470	0.31445	0.18558	0.00007
184	0.19024	0.30892	0.31135	0.18940	0.00009
185	0.18705	0.31420	0.30939	0.18934	0.00001
186	0.18519	0.31487	0.31458	0.18524	0.00012
187	0.19045	0.30901	0.31148	0.18907	0.00000
188	0.18697	0.31431	0.30965	0.18906	0.00001
189	0.18512	0.31493	0.31491	0.18503	0.00000
190	0.19008	0.30928	0.31168	0.18895	0.00001
191	0.18693	0.31444	0.30970	0.18894	0.00000
192	0.18507	0.31513	0.31488	0.18491	0.00000
193	0.19016	0.30928	0.31178	0.18879	0.00000
194	0.18697	0.31438	0.30981	0.18884	0.00000
195	0.18511	0.31510	0.31489	0.18489	0.00000
196	0.18994	0.30944	0.31173	0.18881	0.00008
197	0.18694	0.31445	0.30995	0.18866	0.00000
198	0.18514	0.31501	0.31512	0.18474	0.00000
199	0.19001	0.30944	0.31194	0.18852	0.00010
200	0.18691	0.31455	0.31007	0.18847	0.00001
201	0.18517	0.31519	0.31506	0.18457	0.00001
202	0.19043	0.30934	0.31188	0.18834	0.00000
203	0.18694	0.31459	0.30994	0.18853	0.00000
204	0.18506	0.31520	0.31515	0.18459	0.00000
205	0.19004	0.30953	0.31209	0.18833	0.00001
206	0.18707	0.31454	0.30995	0.18843	0.00001
207	0.18530	0.31511	0.31504	0.18453	0.00001
208	0.19012	0.30963	0.31189	0.18834	0.00002
209	0.18700	0.31451	0.31012	0.18836	0.00000
210	0.18531	0.31508	0.31514	0.18447	0.00000
211	0.19005	0.30966	0.31198	0.18828	0.00002
212	0.18700	0.31461	0.31002	0.18832	0.00004
213	0.18536	0.31515	0.31499	0.18445	0.00006
214	0.19014	0.30959	0.31207	0.18819	0.00001
215	0.18708	0.31445	0.31012	0.18832	0.00003
216	0.18528	0.31521	0.31506	0.18444	0.00000
217	0.19016	0.30951	0.31213	0.18820	0.00000
218	0.18713	0.31453	0.31006	0.18827	0.00002
219	0.18538	0.31512	0.31498	0.18440	0.00012
220	0.19018	0.30962	0.31198	0.18822	0.00001
221	0.18711	0.31462	0.30994	0.18833	0.00000
222	0.18548	0.31514	0.31491	0.18439	0.00008
223	0.19035	0.30948	0.31197	0.18819	0.00000
224	0.18731	0.31441	0.30993	0.18832	0.00002
225	0.18552	0.31509	0.31490	0.18448	0.00001
226	0.19012	0.30945	0.31219	0.18821	0.00002
227	0.18704	0.31445	0.31027	0.18822	0.00002
228	0.18536	0.31512	0.31516	0.18435	0.00001
229	0.19012	0.30954	0.31215	0.18813	0.00005
230	0.18714	0.31437	0.31023	0.18826	0.00000
231	0.18547	0.31497	0.31511	0.18442	0.00003
232	0.19029	0.30957	0.31199	0.18815	0.00000
233	0.18726	0.31434	0.31007	0.18833	0.00000
234	0.18553	0.31488	0.31500	0.18458	0.00002
235	0.19037	0.30939	0.31195	0.18826	0.00003
236	0.18731	0.31429	0.31003	0.18837	0.00000
237	0.18556	0.31486	0.31491	0.18467	0.00000
238	0.19043	0.30931	0.31190	0.18830	0.00007
239	0.18723	0.31431	0.31007	0.18839	0.00000
240	0.18608	0.31452	0.31466	0.18470	0.00004
241	0.19020	0.30952	0.31196	0.18831	0.00001
242	0.18729	0.31429	0.31009	0.18832	0.00001
243	0.18561	0.31475	0.31491	0.18473	0.00000
244	0.19035	0.30951	0.31186	0.18826	0.00002
245	0.18742	0.31424	0.30997	0.18837	0.00000
246	0.18599	0.31468	0.31464	0.18468	0.00001
247	0.19038	0.30951	0.31184	0.18823	0.00004
248	0.18742	0.31419	0.31000	0.18839	0.00000
249	0.18569	0.31484	0.31482	0.18465	0.00000
250	0.19031	0.30947	0.31188	0.18829	0.00005
251	0.18741	0.31432	0.30993	0.18834	0.00001
252	0.18572	0.31481	0.31478	0.18469	0.00000
253	0.19045	0.30953	0.31171	0.18830	0.00001
254	0.18748	0.31417	0.30996	0.18835	0.00003
255	0.18584	0.31481	0.31462	0.18473	0.00000
256	0.19049	0.30947	0.31185	0.18820	0.00000
257	0.18756	0.31417	0.30995	0.18830	0.00001
258	0.18586	0.31473	0.31467	0.18472	0.00003
259	0.19047	0.30959	0.31175	0.18816	0.00002
260	0.18751	0.31424	0.31001	0.18822	0.00002
261	0.18580	0.31474	0.31473	0.18468	0.00005
262	0.19035	0.30963	0.31179	0.18822	0.00001
263	0.18755	0.31414	0.30998	0.18833	0.00000
264	0.18592	0.31470	0.31465	0.18472	0.00000
265	0.19044	0.30962	0.31163	0.18829	0.00002
266	0.18765	0.31402	0.30997	0.18836	0.00000
267	0.18619	0.31454	0.31457	0.18470	0.00000
268	0.19050	0.30964	0.31167	0.18819	0.00000
269	0.18864	0.31328	0.30968	0.18838	0.00001
270	0.18594	0.31469	0.31469	0.18466	0.00001
271	0.19053	0.30965	0.31166	0.18813	0.00003
272	0.18765	0.31409	0.30992	0.18831	0.00003
273	0.18595	0.31476	0.31450	0.18478	0.00002
274	0.19050	0.30960	0.31163	0.18826	0.00001
275	0.18760	0.31411	0.30993	0.18836	0.00000
276	0.18605	0.31472	0.31456	0.18467	0.00000
277	0.19139	0.30890	0.31138	0.18832	0.00000
278	0.18770	0.31410	0.30986	0.18834	0.00000
279	0.18612	0.31461	0.31451	0.18476	0.00000
280	0.19057	0.30960	0.31163	0.18819	0.00000
281	0.18774	0.31408	0.30982	0.18836	0.00001
282	0.18611	0.31473	0.31449	0.18466	0.00001
283	0.19076	0.30950	0.31147	0.18827	0.00000
284	0.18783	0.31415	0.30979	0.18822	0.00002
285	0.18630	0.31462	0.31427	0.18481	0.00000
286	0.19133	0.30915	0.31123	0.18829	0.00001
287	0.18799	0.31408	0.30967	0.18825	0.00001
288	0.18631	0.31462	0.31426	0.18479	0.00002
289	0.19071	0.30964	0.31144	0.18820	0.00001
290	0.18799	0.31407	0.30965	0.18829	0.00000
291	0.18656	0.31458	0.31414	0.18471	0.00002
292	0.19094	0.30948	0.31154	0.18804	0.00000
293	0.18839	0.31379	0.30974	0.18807	0.00001
294	0.18682	0.31430	0.31405	0.18483	0.00000
295	0.19106	0.30950	0.31112	0.18831	0.00001
296	0.18820	0.31378	0.30970	0.18828	0.00004
297	0.18662	0.31431	0.31427	0.18480	0.00000
298	0.19120	0.30935	0.31134	0.18811	0.00000
299	0.18870	0.31354	0.30965	0.18810	0.00001
